6.53
32
44.39
93.73
20.81
44.22
71.43
31.68
78.69
17.23
83.34
82.86
52.15
13.9
21.35
53
1.48
69.8
39.49
36.04
91.85
8.46
66.44
74.89
90.41
55.49
71.28
66.32
9.37
66.36
11.56
89.3
83.06
9.53
25
66.88
80.95
48.08
61.8
42.3
98.89
52.75
17.91
45.2
4.73
36.56
80.93
87.4
26.25
92.02
16.97
19.54
74.23
29.05
22.83
56.14
65.32
55.73
91.39
51.62
0.11
41.51
96.04
50.13
16.48
73.2
10.39
96.53
47.65
62.76
55.81
3.54
40.44
88.2
38.24
48.85
83.87
15.28
63.23
79.58
62.71
80.71
65.89
56.66
57.65
99.34
30.02
63.21
59.08
23.68
34.26
29.13
19.53
1.72
92.41
65.06
28.69
90.26
76.81
56.92
85.15
8.3
91.75
8.76
78.24
41.44
95.94
77.27
33.41
88.39
60.17
64.5
93.36
90.97
44.46
42.56
31.91
66.93
20.9
43.71
36.12
33.45
41.74
41.31
1.03
75.92
15.45
28.01
63.11
12.73
73.8
28.73
79.5
60.9
0.4
99.49
32
71.46
91.79
95.16
50.72
6.04
9.84
2.64
88.86
64.14
35.1
22.84
68.66
94.3
50.18
69.75
9.4
72.28
2.86
45.71
29.26
38.86
30.9
57.02
13.66
71.87
74.98
55.53
59.92
77.93
91.42
72.08
71.92
95.79
38.05
87.35
11.62
5.23
2.51
31
30.05
96.01
33.71
23.99
28.69
0.38
51.06
56.93
41.36
